1;6, 11
2;61, 96
3;541, 881
4;4946, 7991
5;44901, 72676
6;408281, 660561
7;3711086, 6004771
8;33734941, 54584056
9;306655221, 496179041
10;2787550426, 4510350351
11;25339302181, 40999854236
12;230338573361, 372695636321
13;2093816754966, 3387866684731
14;19033150178621, 30796283883216
15;173014569594701, 279943454192401
16;1.57273184055671e+15, 2.54473357312791e+15
17;1.42963997061963e+16, 2.3132060641551e+16
18;1.29956702913951e+17, 2.10274362380287e+17
19;1.18132851481539e+18, 1.91142968885148e+18
20;1.07384769590728e+19, 1.73752207071858e+19
lambda;9.09016994374947
