1;6, 8
2;42, 58
3;300, 416
4;2148, 2980
5;15384, 21344
6;110184, 152872
7;789168, 1094912
8;5652240, 7842064
9;40482912, 56167040
10;289949856, 402283936
11;2076701376, 2881269248
12;14873911872, 20636450368
13;106531086720, 147803987456
14;763005222528, 1058613197440
15;5464855259904, 7582081654784
16;39140810744064, 54304974053632
17;280337354393088, 388947302500352
18;2.00785397068032e+15, 2.78574857568102e+15
19;1.4380807639084e+16, 1.99523047904461e+16
20;1.0299933728859e+17, 1.42903946869482e+17
lambda;7.16227766016838
